300
400
150
850
250
2750
850
300
400
250
500
1050
450
950
450
500
1950
950
400
1200
1400
400
1650
200
500
450
1000
750
700
300
1950
650
450
2000
450
400
1100
350
700
1950
700
300
700
300
50
850
50
1450
1600
2300
1850
300
3350
200
700
600
1000
200
4000
600
750
250
900
550
700
1150
300
350
1550
550
500
350
250
150
1050
2400
700
900
1800
350
1750
350
2050
1250
350
800
150
300
1200
200
3350
500
600
950
1350
300
200
200
2250
1050
350
850
300
600
1200
2550
1700
1450
700
450
250
350
600
350
850
500
1300
550
400
150
1200
300
500
200
950
250
200
450
400
900
450
500
250
200
1750
250
600
550
300
450
550
350
450
650
1000
750
450
150
250
1250
400
600
500
1300
1100
750
2100
450
600
850
900
500
850
500
700
450
1100
700
300
500
350
250
400
150
350
750
450
350
1950
650
350
550
250
600
700
500
450
500
2650
350
550
150
650
500
250
550
1350
500
750
750
500
2450
650
1050
2350
800
1250
600
950
1300
1800
750
600
1900
650
1750
600
800
1450
700
850
1500
1250
350
2200
2050
800
1650
950
1000
2000
1050
200
1000
2050
1600
350
600
1150
1050
2150
2100
500
1050
700
350
1650
300
1250
2200
1450
2400
900
500
600
1000
600
750
450
1850
1100
1100
1150
250
3050
800
800
1100
1450
400
300
2700
1900
2950
450
900
600
700
50
850
350
500
1350
600
300
4000
1850
650
750
2250
2200
2050
1950
1550
1200
2500
800
4000
850
1900
1450
750
1900
600
500
1500
950
100
300
1950
800
2250
800
600
1650
1300
650
1650
1950
1400
2000
1000
1250
2550
850
2150
700
700
1850
800
400
1800
800
850
1650
2550
1400
450
850
50
750
2050
650
1000
1750
1400
2150
1500
750
2050
700
800
800
1450
1000
1600
1350
1100
900
2400
500
1350
800
600
2900
2950
1950
3800
1700
1200
1400
900
600
950
1150
250
600
1550
500
950
750
2200
1700
3150
1000
1000
650
400
950
1350
1000
1550
1450
950
2800
400
850
1050
450
300
1800
2450
500
1350
700
2700
2000
800
1250
1100
500
450
500
950
1300
500
1150
1850
750
1200
1500
1200
450
1200
800
800
750
700
2300
450
2000
1000
1200
2650
550
1400
1800
2800
550
900
2000
2200
1000
800
750
750
900
450
1150
900
1050
750
550
1100
250
1000
450
1700
1250
300
450
1900
1250
3400
650
600
900
750
400
1650
850
1400
950
900
1150
600
550
600
250
3750
1600
1000
1500
1150
350
500
600
550
650
600
1350
1000
1800
1100
750
1350
2000
750
1200
500
1550
1050
550
3100
3850
350
1750
3050
800
2250
850
600
1950
2300
950
500
850
1000
1750
800
1350
1500
4000
1450
2400
1300
2700
1100
1450
1100
650
2050
1450
1200
550
1550
2500
800
4000
1400
700
2600
2050
1800
1050
1000
4000
700
950
2300
750
700
1050
850
1800
2300
750
1600
4000
2550
1150
850
800
3550
2650
3250
1550
1400
2200
900
2950
2600
1650
500
2050
650
750
700
1000
2800
1300
950
1300
1800
3850
750
900
1450
1750
2000
2200
550
450
1150
950
2400
1200
1450
1300
850
1050
1250
1000
300
1250
800
850
700
2150
400
1400
1000
4000
1000
950
1400
1000
450
2850
2350
1400
550
750
1050
750
200
1850
800
3650
1900
700
750
800
1550
3400
1250
250
850
350
800
1100
1200
2000
600
1500
1550
1300
2750
450
1700
1250
500
650
1550
700
450
1150
650
3450
1150
600
1850
1350
1300
1150
1600
750
1050
2200
1450
1150
700
250
2800
800
1650
300
1950
3450
2100
1250
1250
3550
800
600
850
800
1200
1050
700
1750
950
1050
1750
2850
1400
1100
950
1000
1700
150
3600
750
3500
750
300
600
4000
2400
900
750
1600
850
3450
2500
4000
1300
2750
450
1950
2550
1350
3150
500
1150
950
800
450
350
1950
600
2250
800
2050
1150
1050
1250
1650
100
1900
4000
2900
400
700
1250
750
1800
800
1650
200
3450
700
950
1200
1600
1000
3100
1850
1400
1950
3100
400
4000
2250
700
1500
950
200
650
400
1150
400
2150
2400
1700
600
1100
350
3850
2200
1950
900
800
600
600
1100
850
50
2100
1600
1950
200
1650
300
2250
750
1000
600
1000
1500
600
900
1800
200
450
600
250
1550
1050
250
300
300
1000
350
1050
600
850
400
350
750
2300
150
700
750
1800
450
400
300
300
450
1350
300
500
400
450
250
300
500
450
1850
500
200
1150
650
750
550
150
1100
350
300
450
550
300
1000
450
600
150
650
1500
800
2550
550
300
450
800
250
300
350
350
1000
1050
150
550
950
850
1100
1100
300
1100
450
1250
1150
1950
350
1600
750
600
200
150
1600
250
1050
550
550
300
200
1750
600
450
500
450
750
650
550
900
550
700
350
600
700
250
550
650
1600
550
400
2450
650
300
450
650
650
850
1000
1250
900
900
250
250
500
1650
400
300
150
100
350
450
550
1150
1000
600
350
650
250
1100
550
200
750
700
400
350
500
300
1450
650
1750
450
350
550
300
450
800
400
800
650
550
500
750
750
400
700
600
1450
250
500
950
400
300
200
1200
450
100
400
400
400
200
300
450
300
300
250
1550
950
700
1200
350
800
650
350
450
